0: (68,5,100)
1: (48,31,100)
2: (123,73,100)
3: (118,35,100)
4: (112,120,100)
5: (78,35,100)
6: (92,66,100)
7: (80,81,100)
8: (76,45,100)
9: (98,56,100)
10: (85,78,100)
11: (74,59,100)
12: (55,10,100)
13: (87,132,100)
14: (118,8,100)
15: (83,105,100)
16: (66,38,100)
17: (71,41,100)
18: (95,48,100)
19: (65,26,100)
20: (42,75,100)
21: (51,17,100)
22: (95,58,100)
23: (100,145,100)
24: (52,43,100)
25: (55,10,100)
26: (42,80,100)
27: (66,85,100)
28: (36,45,100)
29: (65,21,100)
30: (84,13,100)
31: (83,-6,100)
32: (81,56,100)
33: (76,42,100)
34: (116,25,100)
35: (95,28,100)
36: (81,44,100)
37: (70,7,100)
38: (44,23,100)
39: (62,60,100)
40: (95,15,100)
41: (62,124,100)
42: (88,9,100)
43: (65,101,100)
44: (85,85,100)
45: (83,39,100)
46: (33,41,100)
47: (27,28,100)
48: (22,10,100)
49: (47,17,100)
50: (76,28,100)
51: (105,70,100)
52: (79,154,100)
53: (47,57,100)
54: (62,42,100)
55: (75,75,100)
56: (60,35,100)
57: (35,15,100)
58: (96,65,100)
59: (100,10,100)
60: (45,20,100)
61: (60,113,100)
62: (61,28,100)
63: (63,87,100)
64: (44,81,100)
65: (69,37,100)
66: (69,58,100)
67: (30,48,100)
68: (105,83,100)
69: (75,45,100)
70: (65,27,100)
71: (81,108,100)
72: (89,101,100)
73: (41,50,100)
74: (84,57,100)
75: (47,34,100)
76: (93,9,100)
77: (70,22,100)
78: (85,19,100)
79: (85,17,100)
80: (80,12,100)
81: (80,0,100)
82: (136,12,100)
83: (100,5,100)
84: (39,42,100)
85: (38,10,100)
86: (75,43,100)
87: (25,17,100)
88: (83,21,100)
89: (100,11,100)
90: (81,25,100)
91: (89,12,100)
92: (90,1,100)
93: (78,17,100)
94: (95,23,100)
95: (90,22,100)
96: (85,5,100)
97: (67,9,100)
98: (100,32,100)
99: (63,102,100)
100: (94,36,100)
101: (84,20,100)
102: (84,4,100)
103: (50,2,100)
104: (123,22,100)
105: (131,2,100)
106: (101,25,100)
107: (71,17,100)

